34

1
11136
1
true

1
11138
1
true

2
11121
2
false

3
11122
3
false

3
11124
3
true

4
11122
4
false

5
11127
5
true

5
11131
5
false

6
11127
6
true

6
11124
6
false

7
11122
7
true

8
11122
8
true

8
11127
8
false

9
11133
9
false

9
11136
16
false

9
11135
9
true

9
11131
9
false

10
11124
10
true

10
11130
10
false

10
11138
10
true

11
11131
11
false

12
11131
12
true

12
11127
12
false

13
11133
13
false

14
11124
14
true

14
11135
14
false

15
11130
15
true

15
11124
15
false

16
11127
16
false

16
11136
9
true

17
11127
17
true

18
11121
18
false

19
11133
19
false

20
11133
20
true